0.89592
87
69
0
0
0
0
0
0
0
0
0
9
0
0
0
0
0
0
0
0
0
0
0
0
1
1
1
1
1
1
1
1
1
1
60
1
88
60
88
88
1
1
1
1
60
1
1
1
1
87
2
2
2
2
2
9
2
2
2
2
2
9
9
77
9
2
77
2
77
2
2
45
9
3
3
3
3
3
3
3
3
3
3
3
3
3
3
3
3
3
3
3
3
3
3
3
3
4
4
4
4
97
4
4
4
4
4
4
4
4
4
4
97
4
97
4
4
4
4
4
4
5
5
5
5
5
84
5
5
5
5
5
84
5
5
5
5
5
5
5
5
5
5
5
5
6
6
6
6
6
6
6
6
6
6
6
6
6
6
6
6
6
6
6
6
6
6
6
6
7
7
7
7
7
7
7
7
7
7
7
7
7
7
7
7
30
7
38
7
7
7
7
7
8
8
8
8
8
98
8
8
8
8
8
8
8
8
8
8
8
8
8
8
8
83
7
8
9
9
9
9
9
9
9
9
80
9
9
9
9
9
77
9
9
9
9
9
80
9
9
9
10
10
10
10
10
10
10
10
10
10
10
10
10
10
10
10
10
10
10
10
10
10
10
10
11
11
11
11
11
11
11
11
11
11
11
11
11
11
11
11
11
11
11
11
11
11
11
11
12
12
12
12
12
12
12
12
12
12
12
12
12
16
16
24
16
12
16
12
12
12
24
82
13
13
13
13
13
13
13
13
13
13
13
13
13
13
13
13
13
13
14
90
73
14
14
90
14
14
14
14
14
14
90
14
89
14
90
14
73
14
16
14
14
14
15
15
46
15
15
15
15
75
15
15
15
15
15
15
15
15
15
15
15
15
15
15
15
15
15
16
16
16
16
16
16
82
16
16
16
16
16
16
16
24
24
16
16
16
82
16
82
16
24
62
83
62
17
17
17
62
62
17
62
98
17
17
17
17
17
62
17
62
41
83
83
17
17
18
18
18
18
18
18
18
18
18
18
18
18
18
18
18
18
18
18
18
18
18
18
18
18
19
19
19
19
19
19
19
19
19
19
19
19
19
19
19
19
19
19
19
19
19
19
19
19
20
20
20
20
20
20
20
20
20
20
20
20
20
20
20
20
20
20
20
20
20
20
20
20
21
21
21
21
21
21
21
21
21
21
21
21
21
21
21
21
21
21
21
21
21
9
21
77
22
22
22
22
22
22
22
22
22
22
22
22
22
22
22
22
22
22
22
22
22
22
22
22
23
23
23
23
23
41
41
41
23
41
23
23
23
23
23
23
23
23
23
41
62
23
23
41
24
24
24
24
24
24
24
24
24
24
24
24
24
24
24
24
24
24
24
24
24
24
24
24
24
25
25
25
25
25
25
25
25
25
25
25
25
25
25
25
25
25
25
25
25
25
25
25
25
26
26
26
26
26
26
26
26
26
26
26
26
26
26
26
26
26
26
26
26
26
26
26
26
27
27
27
27
27
27
27
27
27
27
27
27
27
27
27
27
27
27
27
27
27
27
27
27
28
28
28
28
28
28
28
28
28
28
28
28
28
28
28
28
28
28
28
28
28
28
28
28
29
29
29
29
29
29
29
29
29
29
29
29
29
29
29
29
29
29
29
29
29
29
29
29
30
30
30
30
30
30
30
30
30
30
30
30
30
30
30
30
30
30
30
30
30
30
30
30
31
31
31
31
31
31
31
5
31
31
31
31
10
31
79
79
31
31
31
31
10
31
31
31
32
32
32
32
32
32
32
32
32
32
32
32
32
32
32
32
32
32
32
32
32
32
32
32
33
33
33
33
38
33
33
33
33
33
33
33
33
33
33
33
33
33
33
33
33
33
33
33
34
34
34
34
34
34
34
34
34
34
34
34
34
34
34
34
34
34
34
34
34
34
34
34
35
35
35
35
35
35
35
35
35
35
35
35
35
35
35
35
35
35
35
35
35
35
35
35
36
36
36
36
36
36
36
36
36
36
36
36
36
14
36
36
36
36
36
36
36
36
36
36
37
37
99
37
99
99
37
37
99
99
37
37
37
37
99
37
37
37
37
99
37
37
37
37
38
38
38
38
38
65
38
65
38
38
38
38
38
38
65
65
38
38
38
38
38
38
38
38
39
39
39
39
39
39
39
39
39
39
39
39
39
39
39
39
39
39
39
39
39
39
39
39
40
40
40
40
40
40
40
40
40
40
40
40
40
40
40
40
40
40
40
40
40
40
40
40
41
41
41
41
41
23
62
41
23
23
83
23
41
41
41
41
41
41
41
41
41
41
41
41
42
42
42
42
42
42
42
42
42
42
42
42
42
42
42
42
42
42
93
42
42
42
42
42
43
43
43
43
43
43
43
43
43
43
43
43
43
43
43
43
43
43
43
43
43
43
43
43
44
44
44
44
44
44
44
44
44
44
44
44
44
44
44
44
44
44
44
44
44
44
44
44
44
45
2
45
2
45
45
45
45
45
45
45
45
45
54
45
2
45
45
85
45
2
45
45
45
46
46
46
46
46
46
94
46
46
46
46
46
46
46
46
46
46
46
46
46
46
46
46
74
47
47
47
47
47
47
47
47
47
47
47
47
47
47
47
47
47
47
47
47
47
47
47
47
47
48
48
48
48
48
48
48
48
48
48
48
48
48
48
48
48
48
48
48
48
48
48
48
48
49
49
49
49
49
49
49
49
49
49
49
49
49
49
49
49
49
49
49
49
49
49
49
49
50
50
50
50
50
50
50
50
50
50
50
50
50
50
50
50
50
50
50
50
50
50
50
50
51
51
51
51
51
51
51
51
51
51
51
51
51
51
51
51
51
51
51
51
51
51
51
51
52
52
52
52
52
89
52
52
52
52
52
52
52
52
52
52
52
52
52
52
52
89
52
52
53
53
53
53
53
53
53
53
53
53
53
53
53
53
53
53
53
53
53
53
53
53
53
53
54
54
54
54
54
54
54
54
54
54
54
54
54
54
87
54
85
54
21
54
77
54
54
54
55
55
55
55
55
55
55
55
55
55
55
55
55
55
55
55
55
55
55
55
55
55
55
55
56
56
56
56
56
56
56
56
56
56
56
56
56
56
56
56
56
56
56
56
56
56
56
56
57
57
57
57
57
57
57
57
57
57
57
57
57
57
57
57
57
57
57
57
57
57
57
57
58
58
58
58
58
58
58
58
58
58
58
74
58
58
58
58
58
58
58
58
58
58
58
58
58
59
59
59
59
59
59
59
59
59
59
59
59
59
59
59
59
59
59
59
59
59
59
59
59
60
60
60
60
88
60
60
60
60
60
60
60
60
60
60
60
60
60
60
60
60
88
60
60
61
61
61
61
61
61
61
61
61
61
61
61
61
61
61
61
61
61
61
61
61
61
61
61
98
62
62
62
62
62
62
62
98
62
62
62
62
98
62
62
62
62
62
62
62
62
62
23
63
63
63
63
63
63
63
63
63
63
63
63
63
63
63
63
63
63
63
63
63
63
63
63
64
64
64
64
64
64
64
64
64
64
64
64
64
64
64
64
64
64
64
64
64
64
64
64
65
65
65
65
65
65
65
65
65
65
65
65
65
65
65
65
65
65
65
65
65
65
65
65
66
66
66
66
66
66
66
66
66
66
66
66
66
66
68
66
66
66
66
66
66
66
66
66
68
68
67
68
67
67
67
67
67
67
67
67
67
67
67
68
67
67
68
67
68
68
66
68
68
68
68
68
68
68
67
68
68
68
68
68
67
68
68
68
68
68
68
68
68
68
68
68
69
69
45
69
69
69
69
69
69
69
69
77
69
69
69
69
69
69
69
69
69
69
69
69
70
70
70
70
70
70
70
62
70
70
70
70
70
70
70
70
17
70
70
70
70
70
70
70
71
71
71
71
71
71
71
71
71
71
71
71
71
71
71
71
71
71
71
71
71
71
71
71
72
72
72
72
72
72
72
72
72
72
72
72
72
72
72
72
72
72
72
72
72
72
72
72
73
14
73
73
14
73
73
73
14
73
73
73
73
73
73
73
73
73
73
73
73
73
73
14
73
74
74
74
74
74
74
74
74
74
74
74
74
74
74
74
74
74
74
74
74
74
74
74
74
75
75
75
75
75
75
75
75
75
75
75
75
75
75
75
75
75
75
75
75
75
75
75
75
77
76
85
76
76
76
76
76
76
9
76
76
76
77
76
76
76
76
76
76
76
76
76
76
77
77
77
77
77
77
77
77
77
77
77
77
77
77
77
77
77
77
77
77
77
77
77
77
78
78
78
78
78
78
78
78
78
78
78
78
78
78
78
78
78
78
78
78
78
78
78
78
79
79
79
79
79
79
79
79
79
79
79
79
79
79
79
79
79
79
79
79
79
79
79
79
80
80
9
80
80
9
80
80
80
80
80
9
54
80
80
80
87
80
87
80
80
80
80
80
81
81
81
81
81
81
81
81
81
81
81
81
81
81
81
81
81
81
81
81
81
81
81
81
81
82
82
82
16
16
16
16
82
82
82
82
16
82
16
16
24
16
16
82
16
16
82
16
82
83
62
83
62
41
41
17
83
62
83
62
83
23
41
41
83
62
83
83
83
83
17
83
83
84
84
84
84
84
84
84
84
84
84
84
84
84
84
84
84
84
84
84
84
84
84
84
84
45
45
85
77
87
87
85
45
77
80
45
80
45
45
45
45
54
77
85
85
80
45
85
45
86
86
86
86
86
86
86
86
86
86
86
86
86
12
86
86
86
86
86
24
86
86
12
86
87
87
87
87
87
87
87
76
87
87
87
87
87
77
69
77
2
2
2
87
87
87
87
54
88
88
88
88
88
88
88
88
88
96
88
88
88
88
88
88
88
88
88
88
88
88
88
88
89
89
89
52
89
89
89
89
89
89
89
89
89
89
89
89
89
89
89
89
89
89
89
89
90
90
90
90
90
90
90
90
90
90
90
90
90
90
90
90
90
90
90
90
90
90
90
14
91
91
91
91
91
91
91
91
91
91
91
91
91
91
91
91
91
91
91
91
91
91
91
91
92
94
92
94
75
94
92
92
75
92
92
92
92
92
92
92
94
46
92
92
92
94
94
94
93
93
93
93
93
93
93
93
93
93
93
93
93
93
93
93
93
93
93
42
93
93
93
93
94
94
46
94
75
94
46
94
76
94
75
46
94
92
46
75
94
94
74
94
75
94
92
94
95
95
95
95
95
61
95
95
95
95
95
95
95
95
95
95
95
95
95
95
95
95
95
95
96
96
96
96
96
96
96
96
96
96
96
96
96
96
96
96
96
96
96
96
96
96
96
1
97
97
97
97
97
97
97
97
97
97
97
97
4
97
97
97
97
97
4
4
97
97
97
97
98
98
98
17
98
98
83
98
62
98
98
62
98
98
98
98
62
62
98
98
98
98
98
98
99
99
99
99
99
99
99
37
99
99
99
99
99
99
99
37
37
99
37
37
99
37
99
99
