0.783097
87
69
0
0
0
45
0
85
2
0
85
0
0
0
52
0
0
45
0
0
0
0
0
0
1
1
1
1
60
60
1
1
1
60
60
60
88
60
88
88
1
1
1
1
60
1
1
1
1
87
2
2
45
2
2
9
2
9
85
87
85
9
9
77
9
45
77
2
87
2
45
45
9
3
3
3
3
3
3
3
3
3
3
3
3
3
3
3
3
3
3
3
3
3
3
3
3
4
4
4
4
4
97
4
4
4
60
4
4
4
4
4
97
4
97
4
4
4
4
4
4
5
5
5
5
5
5
5
5
5
5
5
84
5
5
5
5
5
5
5
5
5
5
5
5
6
6
6
6
6
6
6
6
6
6
6
6
6
6
6
6
6
6
6
6
6
6
6
6
7
7
7
7
7
7
7
7
7
7
7
7
7
7
7
92
7
7
38
8
38
7
7
94
8
70
8
62
8
98
8
8
8
8
8
62
8
8
8
8
8
8
8
8
8
62
41
23
80
9
77
9
9
45
0
9
9
9
9
9
9
2
77
9
9
9
9
9
80
9
9
9
10
10
31
10
10
10
10
31
10
10
10
10
10
10
31
10
10
10
10
10
10
10
31
31
11
11
11
11
11
11
11
11
11
11
11
11
11
11
11
11
11
11
11
11
11
11
11
11
12
12
12
12
12
12
12
12
12
12
12
12
82
16
16
16
16
16
16
16
16
64
16
82
13
13
13
13
13
13
13
13
13
13
13
13
13
13
13
13
13
13
73
14
73
14
70
90
14
14
14
32
14
70
14
36
14
14
14
14
73
14
14
14
73
14
15
15
15
15
15
15
15
15
15
15
15
75
15
15
15
15
15
15
15
15
75
15
15
15
15
16
16
16
16
16
16
16
16
24
24
64
16
24
64
24
24
16
82
16
82
16
82
16
24
62
17
17
17
17
17
62
62
17
62
98
17
98
62
17
17
98
17
62
41
83
83
83
83
18
18
18
18
18
20
18
18
18
18
18
18
18
18
18
18
18
18
18
18
18
18
18
18
19
19
19
19
19
19
19
19
19
19
19
19
19
19
19
19
19
19
19
19
19
19
19
19
20
20
20
20
20
20
20
20
20
20
20
20
20
20
20
20
20
20
20
20
20
20
20
20
21
69
21
80
21
21
21
21
9
21
21
21
54
21
21
21
21
21
21
21
9
9
0
77
22
22
22
22
22
22
22
22
22
22
22
22
22
22
22
22
22
22
22
22
22
22
22
22
83
23
23
23
23
23
23
23
23
62
23
23
23
71
41
71
83
23
23
23
41
23
41
41
24
16
24
24
24
24
24
16
64
24
24
24
24
24
24
24
82
24
24
24
24
24
24
24
24
25
25
25
25
25
25
25
25
25
25
25
25
25
25
25
25
25
26
25
25
25
25
25
25
26
26
26
72
26
26
26
26
26
26
26
26
26
26
26
26
26
19
26
26
26
26
26
26
27
27
27
27
27
27
27
27
27
27
27
27
27
27
27
27
27
27
27
27
27
27
27
27
28
28
28
28
28
28
28
28
28
28
28
28
28
28
28
28
28
28
28
28
28
28
28
28
29
29
29
29
29
29
29
29
29
29
29
29
29
29
29
29
29
29
29
29
29
29
29
29
30
30
30
30
30
30
65
30
30
30
30
30
30
30
30
30
30
78
30
30
30
30
30
30
31
79
31
31
31
31
31
5
31
31
79
31
31
31
31
31
31
31
31
31
31
31
31
31
32
32
32
32
32
32
32
32
32
32
32
32
32
32
32
32
32
32
32
32
32
32
32
32
33
33
30
33
33
33
33
33
33
33
33
33
33
33
30
33
33
33
65
33
33
33
33
33
34
34
34
34
34
34
89
34
34
34
34
34
90
34
34
34
36
89
34
34
34
34
34
34
35
35
35
35
35
35
35
35
35
35
35
35
35
35
35
35
35
35
35
35
35
35
35
35
36
36
36
36
14
36
36
36
36
36
36
36
14
36
36
36
36
36
36
36
36
36
36
36
37
37
37
99
99
99
37
40
95
99
99
37
37
37
37
37
37
99
37
37
37
99
37
37
38
38
38
38
38
65
65
65
30
38
65
38
38
38
65
65
38
38
38
38
65
30
13
13
39
39
39
39
39
39
39
39
39
39
39
39
39
39
39
39
39
39
39
39
39
39
39
35
40
40
37
40
40
40
95
40
40
40
40
40
40
40
40
40
40
40
40
40
40
40
40
40
23
41
23
23
23
23
62
23
23
23
83
23
83
23
41
41
23
23
23
23
41
41
23
41
42
42
42
42
42
42
42
42
42
42
42
42
42
93
93
42
42
42
42
42
42
42
42
42
43
43
43
43
43
43
43
43
43
43
0
43
43
43
43
43
43
43
80
43
43
43
43
43
44
46
44
44
44
44
44
44
89
44
44
44
44
44
44
44
44
44
44
44
44
44
44
44
44
54
2
85
2
45
2
0
2
45
87
85
2
9
54
45
9
45
85
85
45
2
0
85
2
46
46
46
46
46
46
46
46
46
46
46
46
46
46
46
46
46
46
46
46
46
46
46
74
47
47
47
47
47
47
47
47
47
47
47
47
47
47
47
47
47
47
47
47
47
47
47
47
47
48
48
48
48
48
48
48
48
48
48
48
48
48
48
48
48
48
48
48
48
48
48
48
48
49
49
49
49
49
49
49
49
49
49
49
49
49
49
49
49
49
49
49
49
49
49
49
49
50
50
50
50
50
50
50
50
50
50
50
50
50
50
50
50
50
50
50
50
50
50
50
50
51
51
51
51
51
51
51
51
51
51
51
51
51
51
51
51
51
51
51
51
51
51
51
51
36
52
52
52
19
89
89
89
34
52
52
89
52
89
89
52
34
52
36
89
52
89
52
89
53
53
53
53
53
53
53
53
53
53
53
53
53
4
53
53
53
53
53
97
53
53
53
53
54
54
54
0
54
2
54
87
54
87
54
54
54
85
54
87
54
87
21
54
77
54
54
54
55
55
55
55
55
55
55
55
55
55
55
55
55
55
55
55
55
55
55
55
55
55
55
55
56
56
52
52
52
56
56
56
56
56
56
56
56
56
56
56
56
56
56
56
56
56
56
56
57
14
57
57
57
57
57
57
57
57
57
57
57
57
57
57
57
57
57
57
57
57
57
58
58
58
58
74
58
58
58
58
58
58
58
74
58
58
58
58
58
58
58
58
58
58
58
58
58
59
59
59
59
59
59
59
59
59
59
59
59
59
89
59
59
64
59
64
59
59
59
59
59
60
60
88
60
88
60
60
60
60
60
60
60
60
60
60
60
53
60
60
60
60
88
60
60
95
95
61
95
61
61
95
61
61
61
61
61
61
61
61
61
61
61
61
61
61
61
61
61
62
62
17
62
62
62
62
17
98
17
62
62
78
62
62
98
62
98
62
62
62
62
98
23
63
63
63
63
63
63
63
63
63
63
63
63
63
63
63
63
63
63
63
63
63
63
63
63
64
64
64
64
64
64
64
64
64
64
64
64
64
64
64
64
64
64
64
64
64
64
64
64
65
65
65
30
65
65
65
65
65
30
65
65
65
65
65
65
65
65
65
65
65
65
65
30
66
66
66
66
66
66
66
66
66
66
66
66
66
68
67
66
66
66
66
68
66
66
66
66
67
67
66
68
66
68
67
67
66
66
67
68
67
66
66
67
67
68
67
67
68
66
66
67
68
68
68
68
68
67
67
67
68
68
66
68
66
68
68
66
67
68
68
68
68
66
68
68
69
69
85
69
87
69
69
69
69
69
2
87
87
69
69
69
69
69
85
87
69
69
69
69
70
70
70
70
70
70
70
62
70
70
76
70
70
70
70
70
17
70
70
70
70
70
70
70
71
71
71
71
71
71
71
71
71
71
71
71
71
71
71
71
71
71
71
71
71
71
71
71
72
72
72
72
72
72
72
72
72
72
72
72
72
72
26
72
72
72
72
72
72
72
72
72
73
14
14
73
14
73
73
73
14
73
73
73
73
14
73
73
73
73
73
3
73
73
73
14
73
74
74
74
74
74
74
74
74
74
74
74
74
74
74
74
74
74
74
74
74
74
46
74
74
75
75
75
75
58
75
75
58
75
75
75
75
75
94
75
75
75
75
75
92
75
92
92
92
77
33
76
76
74
76
76
76
76
9
76
87
9
77
76
76
76
76
76
76
76
92
76
76
77
77
77
54
77
77
77
77
77
2
19
77
77
77
77
77
2
54
54
77
87
77
77
87
33
78
78
78
78
78
78
78
78
78
78
78
78
78
78
78
78
78
78
78
78
78
78
78
79
31
79
79
79
79
79
80
79
79
79
31
31
79
31
79
79
79
79
79
79
79
79
79
0
80
9
9
80
9
80
80
9
80
80
9
54
80
80
80
80
80
87
80
80
9
80
80
81
81
81
81
81
81
81
81
81
81
81
81
81
70
81
81
81
81
81
81
81
81
81
81
81
16
82
82
82
82
82
16
82
82
64
82
82
24
16
16
64
82
16
16
16
16
64
82
16
98
62
62
98
23
23
83
17
98
62
98
62
23
62
23
23
62
98
17
62
17
98
23
23
84
84
84
84
84
84
84
84
84
84
84
84
84
84
84
84
84
84
84
84
84
84
5
5
45
54
85
77
87
87
85
2
77
9
45
80
45
45
45
85
87
77
85
69
80
85
85
45
86
86
86
16
14
86
86
86
86
86
86
3
86
82
23
86
52
44
86
16
86
16
86
86
87
87
87
2
87
87
43
87
87
87
87
89
87
87
69
87
87
43
87
87
87
87
32
54
88
88
88
22
1
88
88
88
88
88
88
88
88
88
88
88
88
88
88
88
88
88
88
88
89
89
89
52
89
89
89
89
89
89
89
89
89
89
89
89
89
89
89
89
89
89
89
89
14
90
90
90
90
90
90
90
90
73
90
90
90
90
90
90
90
90
90
90
90
90
90
14
58
92
75
74
74
58
75
74
75
58
74
58
92
74
75
74
74
75
58
75
75
92
74
58
92
74
92
92
92
92
92
46
92
92
92
92
19
92
94
92
46
46
74
92
92
46
92
92
93
93
93
93
93
93
93
93
93
42
93
93
42
93
93
93
42
42
93
42
93
42
42
42
33
94
46
75
92
74
94
92
76
94
33
46
46
74
46
92
74
78
74
75
75
74
46
76
95
95
95
95
95
95
95
95
95
95
95
95
95
95
95
95
95
95
95
95
95
95
95
95
96
96
96
1
96
1
96
96
96
96
96
96
96
96
96
1
1
96
96
96
96
96
96
1
97
97
97
97
97
97
97
97
97
97
97
97
4
97
53
97
97
97
4
97
97
97
97
97
98
98
98
98
98
98
62
98
98
83
98
98
98
98
62
98
17
98
98
98
83
98
98
98
95
37
37
99
99
99
37
99
99
37
40
37
37
99
99
37
37
37
37
37
99
99
99
37
