0.810991
87
69
0
0
0
45
0
85
2
0
85
0
0
0
87
0
45
45
0
0
0
0
0
0
1
1
1
1
60
60
1
1
1
60
60
60
88
60
88
88
1
1
1
1
60
1
1
1
1
87
2
2
45
2
2
9
2
9
2
87
2
9
9
2
9
45
77
2
77
2
2
45
9
3
3
3
3
3
3
3
3
3
3
3
3
3
3
3
3
3
3
3
3
3
3
3
3
4
4
4
4
4
97
4
4
4
60
4
4
4
4
4
97
4
4
4
4
4
4
4
4
5
5
5
5
5
5
5
5
5
5
5
84
5
5
5
5
5
5
5
5
5
5
5
5
6
6
6
6
6
6
6
6
6
6
6
6
6
6
6
6
6
6
6
6
6
6
6
6
7
7
7
7
7
7
7
7
7
7
7
7
7
7
38
92
7
7
65
7
65
7
7
7
8
70
8
62
8
98
8
8
8
8
8
62
8
8
8
8
8
8
8
8
8
62
41
8
80
9
77
9
9
2
0
9
9
9
9
9
9
2
77
9
9
9
9
9
21
77
9
9
10
10
31
10
10
10
10
31
10
10
10
10
10
10
10
10
10
10
10
10
10
10
31
31
11
11
11
11
11
11
11
11
11
11
11
11
11
11
11
11
11
11
11
11
11
11
11
11
12
12
12
12
12
12
12
12
12
12
12
12
24
16
16
16
16
16
16
24
82
64
16
82
13
13
13
13
13
13
13
13
13
13
13
13
13
13
13
13
13
13
73
14
73
14
14
90
14
14
90
32
14
70
14
14
14
14
14
14
73
14
14
14
73
14
15
15
15
15
15
15
15
15
15
15
15
75
15
15
15
15
15
15
15
15
75
15
15
15
15
16
16
16
16
16
16
16
16
24
24
64
16
24
64
24
24
16
82
16
82
16
82
16
24
62
17
62
17
17
17
62
62
17
17
98
17
98
62
17
17
98
17
62
41
83
83
17
83
18
18
18
18
18
20
18
18
18
18
18
18
18
18
18
18
18
18
18
18
18
18
18
18
19
19
19
19
19
19
19
19
19
19
19
19
19
19
19
19
19
19
19
19
19
19
19
19
20
20
20
20
20
20
20
20
20
20
20
20
20
20
20
20
20
20
20
20
20
20
20
20
21
69
21
80
21
21
21
21
9
21
21
21
54
21
21
21
21
21
21
21
9
9
0
77
22
22
22
22
22
22
22
22
22
22
22
22
22
22
22
22
22
22
22
22
22
22
22
22
83
23
23
41
41
23
23
23
23
8
41
23
23
71
23
71
23
23
23
41
23
23
23
23
24
16
24
24
24
24
24
16
64
24
24
24
24
24
24
24
24
24
24
24
24
24
24
24
24
25
25
25
25
25
25
25
25
25
25
25
25
25
25
25
25
25
25
25
25
25
25
25
25
26
26
26
26
72
26
26
26
26
26
26
26
26
26
26
26
26
26
26
26
26
26
26
26
27
27
27
27
27
27
27
27
27
27
27
27
27
27
27
27
27
27
27
27
27
27
27
27
28
28
28
28
28
28
28
28
28
28
28
28
28
28
28
28
28
28
28
28
28
28
28
28
29
29
29
29
29
29
29
29
29
29
29
29
29
29
29
29
29
29
29
29
29
29
29
29
30
30
30
30
30
30
65
30
30
30
30
30
30
30
30
30
30
78
30
30
30
30
30
30
31
10
31
31
31
31
31
5
31
31
79
31
31
31
31
79
31
31
31
31
31
31
31
31
32
32
32
32
32
32
32
32
32
32
32
32
32
32
32
32
32
32
32
32
32
32
32
32
33
33
33
33
33
33
33
33
78
33
33
33
33
33
33
33
33
33
65
33
33
33
33
33
34
34
34
34
34
34
89
34
34
34
52
34
36
34
34
34
36
89
34
34
34
34
34
34
35
35
35
35
35
35
35
35
35
35
35
35
35
35
35
35
35
35
35
35
35
35
35
35
36
36
36
36
14
36
36
36
36
36
36
36
14
36
36
36
36
36
36
36
36
36
36
36
37
99
37
37
37
99
37
40
99
99
37
99
99
99
37
37
37
99
37
99
37
99
37
37
38
38
38
38
38
65
65
65
30
38
65
38
38
38
65
65
38
38
38
38
65
38
38
38
39
39
39
39
39
39
39
39
39
39
39
39
39
39
39
39
39
39
39
39
39
39
39
35
40
40
37
40
40
40
61
40
40
40
40
40
40
40
40
40
40
40
40
40
40
40
40
40
41
41
23
23
23
23
62
23
41
23
83
23
41
23
41
41
41
41
23
41
41
41
41
41
42
42
42
42
42
42
42
42
42
42
42
42
42
93
93
42
42
42
42
42
42
42
42
42
43
43
43
43
43
43
43
43
43
43
43
43
43
43
43
43
43
43
9
43
43
43
0
43
44
46
44
44
44
44
44
44
44
44
44
44
44
44
44
44
44
44
44
44
44
44
44
44
44
54
2
85
2
45
45
0
2
45
87
85
2
9
54
54
9
45
85
85
45
2
45
85
2
46
46
46
46
46
46
94
46
46
46
46
46
46
46
46
46
46
46
46
46
46
46
46
74
47
47
47
47
47
47
47
47
47
47
47
47
47
47
47
47
47
48
47
47
47
47
47
47
47
48
48
48
48
48
48
48
48
48
48
48
48
48
48
48
48
48
48
48
48
48
48
48
48
49
49
49
49
49
49
49
49
49
49
49
49
49
49
49
49
49
49
49
49
49
49
49
49
50
50
50
50
50
50
50
50
50
50
50
50
50
50
50
50
50
50
50
50
50
50
50
50
51
51
51
51
51
51
51
51
51
51
51
51
51
51
51
51
51
51
51
51
51
51
51
51
36
52
52
52
52
89
44
52
52
52
52
89
52
89
52
52
34
52
52
52
52
89
52
52
53
53
53
53
53
53
53
53
53
53
53
53
53
4
53
53
53
53
53
97
53
53
53
53
54
77
54
80
54
87
54
87
54
87
54
54
54
2
87
87
54
87
21
54
77
54
54
54
55
55
55
55
55
55
55
55
55
55
55
55
55
55
55
55
55
55
55
55
55
55
55
55
56
56
52
89
52
56
56
56
56
56
56
56
56
56
56
56
56
56
56
56
56
56
56
56
57
14
57
57
57
57
57
57
57
57
57
57
57
57
57
57
57
57
57
57
57
56
57
58
58
58
58
74
58
58
58
58
58
58
58
74
58
58
58
58
58
58
58
58
58
58
58
58
58
59
59
59
59
59
59
59
59
59
59
59
59
59
89
59
59
64
59
59
59
59
59
59
59
60
60
60
60
88
60
60
60
60
60
60
60
60
60
60
60
53
60
60
60
60
88
60
60
61
61
61
61
61
61
61
61
61
61
61
61
61
61
61
61
61
61
61
61
61
61
61
61
62
62
62
62
62
62
62
83
98
17
17
17
62
62
62
98
62
98
62
62
62
62
98
62
63
63
63
63
63
63
63
63
63
63
63
63
63
63
63
63
63
63
63
63
63
63
63
63
64
64
64
64
64
64
64
64
64
64
64
64
64
64
64
64
64
64
64
64
64
64
64
64
65
30
65
30
65
65
65
65
65
30
65
65
65
65
65
65
65
65
65
65
65
65
65
30
66
66
66
66
66
66
66
66
66
66
66
66
66
68
68
68
66
66
66
66
66
66
66
66
68
68
67
68
67
67
67
67
67
67
67
67
67
67
67
68
67
68
68
67
68
68
66
68
66
68
68
68
68
67
67
67
67
68
66
68
66
68
68
66
68
68
68
68
68
67
68
68
69
69
85
69
87
69
69
69
69
69
85
87
87
69
69
69
69
69
85
69
69
69
69
69
70
70
70
70
70
70
70
62
70
70
70
70
70
70
70
70
17
59
70
70
70
70
70
70
71
71
71
71
71
71
71
71
71
71
71
71
71
71
71
71
71
71
71
71
71
71
71
71
72
72
72
72
72
72
72
72
72
72
72
72
72
72
72
72
72
72
72
72
72
72
72
72
73
14
14
73
14
73
73
73
14
73
73
73
73
73
73
73
73
73
73
3
73
73
73
14
73
74
74
74
74
74
74
74
74
74
74
74
74
74
74
74
74
74
74
74
74
74
46
74
74
75
75
75
75
75
75
75
58
75
75
75
75
75
16
75
75
75
75
75
92
75
75
92
92
77
38
87
76
74
76
76
76
76
9
76
87
9
77
76
76
76
76
76
76
76
94
76
76
77
77
77
54
77
77
77
77
77
87
77
77
77
77
77
87
77
77
54
77
87
77
77
77
33
78
78
78
78
78
78
78
78
78
78
78
78
78
78
78
78
78
78
78
78
78
78
78
79
31
79
79
79
79
79
79
79
79
31
31
31
79
31
79
79
79
79
79
79
79
79
79
80
80
9
9
80
9
0
80
9
80
80
9
54
80
80
21
80
80
87
80
80
9
80
80
81
81
81
81
81
81
81
81
81
81
81
81
81
70
81
81
81
81
81
81
81
81
81
81
73
82
82
16
82
24
82
16
82
82
64
82
82
24
16
16
64
82
16
82
16
16
64
16
82
98
62
41
62
23
23
17
83
98
62
98
17
23
62
23
83
62
62
17
62
17
62
41
83
84
84
84
84
84
84
84
84
84
84
84
84
84
84
84
84
84
84
84
84
84
84
84
84
45
54
85
77
87
87
85
2
77
9
45
80
45
69
45
85
87
77
85
69
80
45
85
45
86
86
86
16
14
86
86
86
86
86
86
3
86
86
86
86
86
52
86
24
86
16
86
86
87
87
87
2
87
87
43
87
87
87
87
14
87
87
69
87
87
43
87
87
87
87
32
54
88
88
88
88
1
88
88
88
88
88
88
88
88
88
88
88
88
88
88
88
88
88
88
88
89
89
89
52
89
89
89
89
89
89
89
89
89
89
89
89
89
89
89
89
89
89
89
89
90
90
90
90
90
90
90
90
90
73
90
90
90
90
90
90
90
90
90
90
90
90
90
14
91
92
91
91
91
91
91
91
91
91
91
91
92
74
75
91
74
91
91
91
75
92
91
91
92
74
92
92
75
92
92
92
92
92
92
92
94
74
94
92
46
46
46
92
92
46
92
92
93
93
93
93
93
93
93
93
93
42
93
93
93
42
42
93
42
93
93
42
93
93
93
42
38
94
46
75
92
74
94
94
76
94
33
46
46
74
46
92
74
78
74
75
75
74
46
76
95
95
95
95
95
95
95
95
95
95
95
95
95
95
95
95
95
95
95
95
95
95
95
95
96
96
96
1
96
1
96
96
96
96
96
96
96
96
96
1
1
96
96
96
96
96
96
96
97
97
97
97
97
97
97
97
97
97
97
97
4
97
97
4
97
97
4
4
97
97
97
97
98
98
98
98
98
98
83
62
98
98
98
98
98
98
98
98
62
98
98
98
98
98
98
98
95
99
37
99
99
99
99
99
99
37
40
37
99
99
99
37
37
37
37
37
99
37
99
37
